2 2 2 2
2
4 20 100 10 10
30
1 0 20 0 0
1 1 20 0 12
1 2 2 0 14
4 3 20 0 15
5 4 2 0 16
9 5 20 2 30 (4,20),(84,10)
10 6 2 2 12 (10,20),(84,10)
12 7 20 2 30 (12,20),(84,10)
19 8 2 1 30 (2,2)
20 9 4 0 31
20 10 4 0 32
25 11 5 0 33
26 12 6 0 34
27 13 20 0 35
28 14 20 0 36
28 15 2 0 37
28 16 20 0 0
28 17 2 0 0
29 18 20 2 0(4,20),(84,10)
30 19 2 2 0 (10,20),(84,10)
32 20 20 2 0 (12,20),(84,10)
32 21 2 1 0 (2,2)
35 22 4 0 0
36 23 4 0 0
37 24 8 0 0
37 25 5 0 0
40 26 10 0 120
41 27 12 0 120
41 28 12 0 0
44 29 20 0 0