TT   PID  AT   CT   IO_D WT   RT   TRT  
3    2    1    2    0    0    0    3    
3    4    5    2    0    0    0    3    
3    6    10   2    0    0    0    3    
21   0    1    20   0    0    0    21   
21   1    1    20   0    0    0    21   
21   3    4    20   0    0    0    21   
5    9    20   4    0    0    0    5    
5    10   20   4    0    0    0    5    
6    11   25   5    0    0    0    6    
3    17   28   2    0    0    0    3    
7    12   26   6    0    0    0    7    
6    19   30   2    0    3    0    6    
20   8    19   2    0    1    0    20   
10   22   35   4    0    4    0    10   
9    25   37   5    0    4    0    9    
21   13   27   20   0    0    0    21   
23   18   29   20   0    2    0    23   
17   23   36   4    0    12   0    17   
17   24   37   8    0    5    0    17   
27   16   28   20   0    5    0    27   
47   5    9    20   0    5    0    47   
30   21   32   2    0    4    0    30   
23   26   40   10   0    12   0    23   
21   29   44   20   0    0    0    21   
25   27   41   12   0    12   0    25   
55   7    12   20   0    0    0    55   
40   15   28   2    0    36   0    40   
45   14   28   20   0    15   0    45   
35   28   41   12   0    17   0    35   
59   20   32   20   0    0    0    59   
Processes: 30
Avg WT = 4.56667, Avg RT = 0, Avg RT = 20.9333
Forked Process: 0%
Killed Process: 0%
Processors: 8 [2 FCFS, 2 SJF, 2 RR, 2 EDF]
Processors Load
P1=10.0318%, P2=8.59873%, P3=9.23567%, P4=0.955414%, P5=7.96178%, P6=5.25478%, P7=6.36943%, P8=4.61783%, 
Processors Utiliz
P1=68.4783%, P2=58.6957%, P3=63.0435%, P4=6.52174%, P5=54.3478%, P6=35.8696%, P7=88.8889%, P8=87.8788%, 
Avg Utilization = 57.9655%